energy,unc_en,intensity,unc_i,start_level_hl,start_level_energy,end_level_hl,end_level_energy,multipolarity,mixing_ratio,unc_mr,conversion_coeff,unc_cc,p_z,p_n,p_symbol,p_energy_shift,p_energy,unc_pe,jp,half_life,operator_hl,unc_hl,unit_hl,half_life_sec,unc_hls,decay,decay_%,unc_d,q,unc_q,d_z,d_n,d_symbol,ensdf_publication_cut-off,ensdf_authors,Extraction_date
0.91,,,,0.00000005,100.88,,99.950,[M1 E2],,,,,63,91,Eu,,145.3,0.3,8-,46.3,,4,m,2778,24,IT,100,,,,63,91,Eu,1-May-2008,C. W. Reich,2026-09-01
7.1,,,,,136.8,,129.660,[E1],,,,,63,91,Eu,,145.3,0.3,8-,46.3,,4,m,2778,24,IT,100,,,,63,91,Eu,1-May-2008,C. W. Reich,2026-09-01
8.6,,,,2760,145.3,,136.8,[E3],,,,,63,91,Eu,,145.3,0.3,8-,46.3,,4,m,2778,24,IT,100,,,,63,91,Eu,1-May-2008,C. W. Reich,2026-09-01
9.3,,0.00018,0.0002,,136.8,,127.46,[M1 E2],,,7.E4,,63,91,Eu,,145.3,0.3,8-,46.3,,4,m,2778,24,IT,100,,,,63,91,Eu,1-May-2008,C. W. Reich,2026-09-01
27.51,0.05,0.888,0.3193994364428341,,127.46,,99.950,M1+E2,0.032,9,13.1,,63,91,Eu,,145.3,0.3,8-,46.3,,4,m,2778,24,IT,100,,,,63,91,Eu,1-May-2008,C. W. Reich,2026-09-01
28.78,0.02,1.073,0.46707708143303284,,129.660,0.00000005,100.88,E1,,,1.501,,63,91,Eu,,145.3,0.3,8-,46.3,,4,m,2778,24,IT,100,,,,63,91,Eu,1-May-2008,C. W. Reich,2026-09-01
31.78,0.01,5.55,1.3396268137059664,,99.950,0.0000041,68.17,M1+E2,0.030,3,8.43,,63,91,Eu,,145.3,0.3,8-,46.3,,4,m,2778,24,IT,100,,,,63,91,Eu,1-May-2008,C. W. Reich,2026-09-01
32.61,,0.0814,0.015627219842313606,0.00000005,100.88,0.0000041,68.17,E2,,,269,,63,91,Eu,,145.3,0.3,8-,46.3,,4,m,2778,24,IT,100,,,,63,91,Eu,1-May-2008,C. W. Reich,2026-09-01
35.802,,12.58,3.4134440086223767,,136.8,0.00000005,100.88,M1+E2,0.09,2,7.0,,63,91,Eu,,145.3,0.3,8-,46.3,,4,m,2778,24,IT,100,,,,63,91,Eu,1-May-2008,C. W. Reich,2026-09-01
58.4,,0.0039,0.0004,,1719.560,,1660.910,[E1],,,1.215,,63,91,Eu,,0,,3-,8.601,,10,Y,271421120.3074658,315569.25974592,B-,99.982,0.012,1968.0,8,64,90,Gd,1-May-2008,C. W. Reich,2026-09-01
68.17,0.01,37,5,0.0000041,68.17,,0,E1,,,0.793,,63,91,Eu,,145.3,0.3,8-,46.3,,4,m,2778,24,IT,100,,,,63,91,Eu,1-May-2008,C. W. Reich,2026-09-01
80.4,,0.0028,0.0014,,1127.804,,1047.584,[M1 E2],,,4.7,,63,91,Eu,,0,,3-,8.601,,10,Y,271421120.3074658,315569.25974592,B-,99.982,0.012,1968.0,8,64,90,Gd,1-May-2008,C. W. Reich,2026-09-01
81.99,0.02,0.003,0.002,,81.99,,0,E2,,,4.86,,63,91,Eu,,0,,3-,8.601,,10,Y,271421120.3074658,315569.25974592,EC+B+,0.018,0.012,717.2,18,62,92,Sm,1-May-2008,C. W. Reich,2026-09-01
100.88,0.01,26.64,4.047530111067736,0.00000005,100.88,,0,E1,,,0.277,,63,91,Eu,,145.3,0.3,8-,46.3,,4,m,2778,24,IT,100,,,,63,91,Eu,1-May-2008,C. W. Reich,2026-09-01
123.0706,0.0009,40.4,0.4,0.000000001184,123.071,,0,E2,,,1.197,,63,91,Eu,,0,,3-,8.601,,10,Y,271421120.3074658,315569.25974592,B-,99.982,0.012,1968.0,8,64,90,Gd,1-May-2008,C. W. Reich,2026-09-01
129.6,0.13,0.00157,0.00021,,1660.910,,1531.284,[M1 E2],,,0.975,,63,91,Eu,,0,,3-,8.601,,10,Y,271421120.3074658,315569.25974592,B-,99.982,0.012,1968.0,8,64,90,Gd,1-May-2008,C. W. Reich,2026-09-01
131.56,0.07,0.0131,0.0004,,1127.804,,996.257,M1+E2,-4,6,0.936,,63,91,Eu,,0,,3-,8.601,,10,Y,271421120.3074658,315569.25974592,B-,99.982,0.012,1968.0,8,64,90,Gd,1-May-2008,C. W. Reich,2026-09-01
134.87,0.07,0.008,0.001,,815.493,,680.61,E2,,,0.858,,63,91,Eu,,0,,3-,8.601,,10,Y,271421120.3074658,315569.25974592,B-,99.982,0.012,1968.0,8,64,90,Gd,1-May-2008,C. W. Reich,2026-09-01
146.01,0.07,0.0071,0.0004,,1397.506,,1251.630,[M1 E2],,,0.668,,63,91,Eu,,0,,3-,8.601,,10,Y,271421120.3074658,315569.25974592,B-,99.982,0.012,1968.0,8,64,90,Gd,1-May-2008,C. W. Reich,2026-09-01
156.28,0.08,0.0086,0.0009,,1397.506,,1241.32,[M1 E2],,,0.54,,63,91,Eu,,0,,3-,8.601,,10,Y,271421120.3074658,315569.25974592,B-,99.982,0.012,1968.0,8,64,90,Gd,1-May-2008,C. W. Reich,2026-09-01
166.32,0.1,0.00105,0.0001,,1418.146,,1251.630,[E1],,,0.0742,,63,91,Eu,,0,,3-,8.601,,10,Y,271421120.3074658,315569.25974592,B-,99.982,0.012,1968.0,8,64,90,Gd,1-May-2008,C. W. Reich,2026-09-01
177.05,0.2,0.0007,0.00014,,1418.146,,1241.32,[E1],,,0.0628,,63,91,Eu,,0,,3-,8.601,,10,Y,271421120.3074658,315569.25974592,B-,99.982,0.012,1968.0,8,64,90,Gd,1-May-2008,C. W. Reich,2026-09-01
180.72,0.07,0.0052,0.0007,,996.257,,815.493,[M1 E2],,,0.35,,63,91,Eu,,0,,3-,8.601,,10,Y,271421120.3074658,315569.25974592,B-,99.982,0.012,1968.0,8,64,90,Gd,1-May-2008,C. W. Reich,2026-09-01
184.68,0.08,0.004,0.001,,266.67,,81.99,E2,,,0.273,,63,91,Eu,,0,,3-,8.601,,10,Y,271421120.3074658,315569.25974592,EC+B+,0.018,0.012,717.2,18,62,92,Sm,1-May-2008,C. W. Reich,2026-09-01
188.22,0.07,0.24,0.0024,,1719.560,,1531.284,[E1],,,0.0533,,63,91,Eu,,0,,3-,8.601,,10,Y,271421120.3074658,315569.25974592,B-,99.982,0.012,1968.0,8,64,90,Gd,1-May-2008,C. W. Reich,2026-09-01
199.2,0.08,0.00101,0.00014,,1617.127,,1418.15,[E1],,,0.0459,,63,91,Eu,,0,,3-,8.601,,10,Y,271421120.3074658,315569.25974592,B-,99.982,0.012,1968.0,8,64,90,Gd,1-May-2008,C. W. Reich,2026-09-01
203.4,0.29,0.00052,0.00007,,1617.127,,1414.42,[E2],,,0.210,,63,91,Eu,,0,,3-,8.601,,10,Y,271421120.3074658,315569.25974592,B-,99.982,0.012,1968.0,8,64,90,Gd,1-May-2008,C. W. Reich,2026-09-01
213.06,0.11,0.00042,0.00007,,1617.127,,1404.45,[E2],,,0.180,,63,91,Eu,,0,,3-,8.601,,10,Y,271421120.3074658,315569.25974592,B-,99.982,0.012,1968.0,8,64,90,Gd,1-May-2008,C. W. Reich,2026-09-01
218.71,0.26,0.0008,0.00014,,1617.127,,1397.506,[M1 E2],,,0.19,,63,91,Eu,,0,,3-,8.601,,10,Y,271421120.3074658,315569.25974592,B-,99.982,0.012,1968.0,8,64,90,Gd,1-May-2008,C. W. Reich,2026-09-01
228.23,0.09,0.00206,0.00014,,1660.910,,1432.66,[E2],,,0.1436,,63,91,Eu,,0,,3-,8.601,,10,Y,271421120.3074658,315569.25974592,B-,99.982,0.012,1968.0,8,64,90,Gd,1-May-2008,C. W. Reich,2026-09-01
232.12,0.07,0.0218,0.0004,,1047.584,,815.493,E2,,,0.1359,,63,91,Eu,,0,,3-,8.601,,10,Y,271421120.3074658,315569.25974592,B-,99.982,0.012,1968.0,8,64,90,Gd,1-May-2008,C. W. Reich,2026-09-01
236.36,0.08,0.0017,0.0003,,1418.146,,1181.96,[E2],,,0.1281,,63,91,Eu,,0,,3-,8.601,,10,Y,271421120.3074658,315569.25974592,B-,99.982,0.012,1968.0,8,64,90,Gd,1-May-2008,C. W. Reich,2026-09-01
241.2,0.09,0.00125,0.00017,,1645.85,,1404.45,[E1],,,0.0278,,63,91,Eu,,0,,3-,8.601,,10,Y,271421120.3074658,315569.25974592,B-,99.982,0.012,1968.0,8,64,90,Gd,1-May-2008,C. W. Reich,2026-09-01
242.86,0.06,0.0041,0.0003,,1660.910,,1418.15,[E2+M1],,,0.14,,63,91,Eu,,0,,3-,8.601,,10,Y,271421120.3074658,315569.25974592,B-,99.982,0.012,1968.0,8,64,90,Gd,1-May-2008,C. W. Reich,2026-09-01
245.07,0.13,0.00045,0.00007,,1241.32,,996.257,[E1],,,0.0267,,63,91,Eu,,0,,3-,8.601,,10,Y,271421120.3074658,315569.25974592,B-,99.982,0.012,1968.0,8,64,90,Gd,1-May-2008,C. W. Reich,2026-09-01
247.929,0.0007,6.89,0.07,0.00000000004,371.000,0.000000001184,123.071,E2,,,0.1098,,63,91,Eu,,0,,3-,8.601,,10,Y,271421120.3074658,315569.25974592,B-,99.982,0.012,1968.0,8,64,90,Gd,1-May-2008,C. W. Reich,2026-09-01
255.8,0.1,0.0028,0.0009,,1251.630,,996.257,[E1],,,0.0239,,63,91,Eu,,0,,3-,8.601,,10,Y,271421120.3074658,315569.25974592,B-,99.982,0.012,1968.0,8,64,90,Gd,1-May-2008,C. W. Reich,2026-09-01
263.5,0.16,0.00101,0.00014,,1660.910,,1397.506,[E1],,,0.0221,,63,91,Eu,,0,,3-,8.601,,10,Y,271421120.3074658,315569.25974592,B-,99.982,0.012,1968.0,8,64,90,Gd,1-May-2008,C. W. Reich,2026-09-01
267.46,0.15,0.0073,0.0014,,1263.778,,996.257,[E2],,,0.0862,,63,91,Eu,,0,,3-,8.601,,10,Y,271421120.3074658,315569.25974592,B-,99.982,0.012,1968.0,8,64,90,Gd,1-May-2008,C. W. Reich,2026-09-01
267.54,0.08,0.00383,0.00011,,1531.284,,1263.778,[E2],,,0.0862,,63,91,Eu,,0,,3-,8.601,,10,Y,271421120.3074658,315569.25974592,B-,99.982,0.012,1968.0,8,64,90,Gd,1-May-2008,C. W. Reich,2026-09-01
269.65,0.08,0.0115,0.0005,,1397.506,,1127.804,[E1],,,0.0209,,63,91,Eu,,0,,3-,8.601,,10,Y,271421120.3074658,315569.25974592,B-,99.982,0.012,1968.0,8,64,90,Gd,1-May-2008,C. W. Reich,2026-09-01
279.65,0.07,0.0032,0.00011,,1531.284,,1251.630,[E1],,,0.0190,,63,91,Eu,,0,,3-,8.601,,10,Y,271421120.3074658,315569.25974592,B-,99.982,0.012,1968.0,8,64,90,Gd,1-May-2008,C. W. Reich,2026-09-01
289.99,0.22,0.00143,0.00007,,1531.284,,1241.32,[E1],,,0.01735,,63,91,Eu,,0,,3-,8.601,,10,Y,271421120.3074658,315569.25974592,B-,99.982,0.012,1968.0,8,64,90,Gd,1-May-2008,C. W. Reich,2026-09-01
290.38,0.11,0.00174,0.00007,,1418.146,,1127.804,[E2+M1],,,0.085,,63,91,Eu,,0,,3-,8.601,,10,Y,271421120.3074658,315569.25974592,B-,99.982,0.012,1968.0,8,64,90,Gd,1-May-2008,C. W. Reich,2026-09-01
295.7,,0.00035,0.00007,,1559.17,,1263.778,[E1],,,0.01652,,63,91,Eu,,0,,3-,8.601,,10,Y,271421120.3074658,315569.25974592,B-,99.982,0.012,1968.0,8,64,90,Gd,1-May-2008,C. W. Reich,2026-09-01
301.38,0.07,0.0124,0.0004,,1719.560,,1418.15,[E1],,,0.01575,,63,91,Eu,,0,,3-,8.601,,10,Y,271421120.3074658,315569.25974592,B-,99.982,0.012,1968.0,8,64,90,Gd,1-May-2008,C. W. Reich,2026-09-01
305.19,,0.0205,0.0004,,1719.560,,1414.42,[M1 E2],,,0.074,,63,91,Eu,,0,,3-,8.601,,10,Y,271421120.3074658,315569.25974592,B-,99.982,0.012,1968.0,8,64,90,Gd,1-May-2008,C. W. Reich,2026-09-01
307.7,0.3,0.00038,0.0001,,1559.17,,1251.630,[E2+M1],,,0.073,,63,91,Eu,,0,,3-,8.601,,10,Y,271421120.3074658,315569.25974592,B-,99.982,0.012,1968.0,8,64,90,Gd,1-May-2008,C. W. Reich,2026-09-01
312.32,0.07,0.0182,0.0004,,1127.804,,815.493,[M1 E2],,,0.070,,63,91,Eu,,0,,3-,8.601,,10,Y,271421120.3074658,315569.25974592,B-,99.982,0.012,1968.0,8,64,90,Gd,1-May-2008,C. W. Reich,2026-09-01
315.64,0.07,0.00885,0.00012,,996.257,,680.61,[E2],,,0.0516,,63,91,Eu,,0,,3-,8.601,,10,Y,271421120.3074658,315569.25974592,B-,99.982,0.012,1968.0,8,64,90,Gd,1-May-2008,C. W. Reich,2026-09-01
322.07,0.07,0.0619,0.0007,,1719.560,,1397.506,[M1 E2],,,0.064,,63,91,Eu,,0,,3-,8.601,,10,Y,271421120.3074658,315569.25974592,B-,99.982,0.012,1968.0,8,64,90,Gd,1-May-2008,C. W. Reich,2026-09-01
329.95,0.07,0.0094,0.001,,1047.584,,717.67,E2,,,0.0451,,63,91,Eu,,0,,3-,8.601,,10,Y,271421120.3074658,315569.25974592,B-,99.982,0.012,1968.0,8,64,90,Gd,1-May-2008,C. W. Reich,2026-09-01
346.7,0.07,0.026,0.0005,,717.67,0.00000000004,371.000,E2,,,0.0389,,63,91,Eu,,0,,3-,8.601,,10,Y,271421120.3074658,315569.25974592,B-,99.982,0.012,1968.0,8,64,90,Gd,1-May-2008,C. W. Reich,2026-09-01
349.24,0.07,0.0072,0.0005,,1531.284,,1181.96,[E2],,,0.0381,,63,91,Eu,,0,,3-,8.601,,10,Y,271421120.3074658,315569.25974592,B-,99.982,0.012,1968.0,8,64,90,Gd,1-May-2008,C. W. Reich,2026-09-01
352.85,0.2,0.00132,0.00014,,1617.127,,1263.778,[E1],,,0.01066,,63,91,Eu,,0,,3-,8.601,,10,Y,271421120.3074658,315569.25974592,B-,99.982,0.012,1968.0,8,64,90,Gd,1-May-2008,C. W. Reich,2026-09-01
365.47,0.15,0.00101,0.00014,,1617.127,,1251.630,[E2+M1],,,0.045,,63,91,Eu,,0,,3-,8.601,,10,Y,271421120.3074658,315569.25974592,B-,99.982,0.012,1968.0,8,64,90,Gd,1-May-2008,C. W. Reich,2026-09-01
366.49,0.08,0.0015,0.0003,,1181.96,,815.493,E2,,,0.0331,,63,91,Eu,,0,,3-,8.601,,10,Y,271421120.3074658,315569.25974592,B-,99.982,0.012,1968.0,8,64,90,Gd,1-May-2008,C. W. Reich,2026-09-01
370.78,0.08,0.00421,0.00014,,1418.146,,1047.584,E2,,,0.0320,,63,91,Eu,,0,,3-,8.601,,10,Y,271421120.3074658,315569.25974592,B-,99.982,0.012,1968.0,8,64,90,Gd,1-May-2008,C. W. Reich,2026-09-01
378.9,0.27,0.00038,0.0001,,1796.97,,1418.15,[E1],,,0.00898,,63,91,Eu,,0,,3-,8.601,,10,Y,271421120.3074658,315569.25974592,B-,99.982,0.012,1968.0,8,64,90,Gd,1-May-2008,C. W. Reich,2026-09-01
382.09,0.08,0.0095,0.0003,,1645.85,,1263.778,E2+M1,,,0.040,,63,91,Eu,,0,,3-,8.601,,10,Y,271421120.3074658,315569.25974592,B-,99.982,0.012,1968.0,8,64,90,Gd,1-May-2008,C. W. Reich,2026-09-01
382.46,0.27,0.00021,0.00007,,1796.97,,1414.42,[E2],,,0.0292,,63,91,Eu,,0,,3-,8.601,,10,Y,271421120.3074658,315569.25974592,B-,99.982,0.012,1968.0,8,64,90,Gd,1-May-2008,C. W. Reich,2026-09-01
397.07,0.07,0.0276,0.0007,,1660.910,,1263.778,[M1 E2],,,0.036,,63,91,Eu,,0,,3-,8.601,,10,Y,271421120.3074658,315569.25974592,B-,99.982,0.012,1968.0,8,64,90,Gd,1-May-2008,C. W. Reich,2026-09-01
401.26,0.07,0.188,0.003,,1397.506,,996.257,(E1 M2 E3),,,0.08,,63,91,Eu,,0,,3-,8.601,,10,Y,271421120.3074658,315569.25974592,B-,99.982,0.012,1968.0,8,64,90,Gd,1-May-2008,C. W. Reich,2026-09-01
403.49,0.07,0.0223,0.0017,,1531.284,,1127.804,[M1 E2],,,0.034,,63,91,Eu,,0,,3-,8.601,,10,Y,271421120.3074658,315569.25974592,B-,99.982,0.012,1968.0,8,64,90,Gd,1-May-2008,C. W. Reich,2026-09-01
409.19,0.08,0.0052,0.0017,,1660.910,,1251.630,[E1],,,0.00748,,63,91,Eu,,0,,3-,8.601,,10,Y,271421120.3074658,315569.25974592,B-,99.982,0.012,1968.0,8,64,90,Gd,1-May-2008,C. W. Reich,2026-09-01
421.8,0.8,0.0013,0.001,,1418.146,,996.257,E0+(E2 M1),,,0.031,,63,91,Eu,,0,,3-,8.601,,10,Y,271421120.3074658,315569.25974592,B-,99.982,0.012,1968.0,8,64,90,Gd,1-May-2008,C. W. Reich,2026-09-01
426,0.13,0.0008,0.00014,,1241.32,,815.493,[E1],,,0.00680,,63,91,Eu,,0,,3-,8.601,,10,Y,271421120.3074658,315569.25974592,B-,99.982,0.012,1968.0,8,64,90,Gd,1-May-2008,C. W. Reich,2026-09-01
436.2,0.11,0.0031,0.0006,,1251.630,,815.493,[E1],,,0.00644,,63,91,Eu,,0,,3-,8.601,,10,Y,271421120.3074658,315569.25974592,B-,99.982,0.012,1968.0,8,64,90,Gd,1-May-2008,C. W. Reich,2026-09-01
444.4924,0.0019,0.547,0.006,,815.493,0.00000000004,371.000,E2,,,0.0191,,63,91,Eu,,0,,3-,8.601,,10,Y,271421120.3074658,315569.25974592,B-,99.982,0.012,1968.0,8,64,90,Gd,1-May-2008,C. W. Reich,2026-09-01
448.45,0.19,0.0025,0.0004,,1263.778,,815.493,[E2],,,0.0187,,63,91,Eu,,0,,3-,8.601,,10,Y,271421120.3074658,315569.25974592,B-,99.982,0.012,1968.0,8,64,90,Gd,1-May-2008,C. W. Reich,2026-09-01
467.92,0.07,0.0626,0.0008,,1719.560,,1251.630,[M1 E2],,,0.023,,63,91,Eu,,0,,3-,8.601,,10,Y,271421120.3074658,315569.25974592,B-,99.982,0.012,1968.0,8,64,90,Gd,1-May-2008,C. W. Reich,2026-09-01
478.24,0.07,0.225,0.0023,,1719.560,,1241.32,E2,,,0.01570,,63,91,Eu,,0,,3-,8.601,,10,Y,271421120.3074658,315569.25974592,B-,99.982,0.012,1968.0,8,64,90,Gd,1-May-2008,C. W. Reich,2026-09-01
483.76,0.07,0.00937,0.00018,,1531.284,,1047.584,[E2],,,0.01523,,63,91,Eu,,0,,3-,8.601,,10,Y,271421120.3074658,315569.25974592,B-,99.982,0.012,1968.0,8,64,90,Gd,1-May-2008,C. W. Reich,2026-09-01
511.6,0.08,0.00317,0.00024,,1559.17,,1047.584,[E1],,,0.00448,,63,91,Eu,,0,,3-,8.601,,10,Y,271421120.3074658,315569.25974592,B-,99.982,0.012,1968.0,8,64,90,Gd,1-May-2008,C. W. Reich,2026-09-01
517.98,0.07,0.0498,0.0014,,1645.85,,1127.804,E2+M1,-7,3,0.0129,,63,91,Eu,,0,,3-,8.601,,10,Y,271421120.3074658,315569.25974592,B-,99.982,0.012,1968.0,8,64,90,Gd,1-May-2008,C. W. Reich,2026-09-01
533.03,0.08,0.0185,0.0011,,1660.910,,1127.804,[E0+M1+E2],,,0.017,,63,91,Eu,,0,,3-,8.601,,10,Y,271421120.3074658,315569.25974592,B-,99.982,0.012,1968.0,8,64,90,Gd,1-May-2008,C. W. Reich,2026-09-01
533.11,0.07,0.0082,0.0005,,1796.97,,1263.778,[E1],,,0.00408,,63,91,Eu,,0,,3-,8.601,,10,Y,271421120.3074658,315569.25974592,B-,99.982,0.012,1968.0,8,64,90,Gd,1-May-2008,C. W. Reich,2026-09-01
534.86,0.07,0.017,0.006,,1531.284,,996.257,[E0+M1+E2],,,0.017,,63,91,Eu,,0,,3-,8.601,,10,Y,271421120.3074658,315569.25974592,B-,99.982,0.012,1968.0,8,64,90,Gd,1-May-2008,C. W. Reich,2026-09-01
545.2,0.14,0.00136,0.00017,,1796.97,,1251.630,[E2+M1],,,0.016,,63,91,Eu,,0,,3-,8.601,,10,Y,271421120.3074658,315569.25974592,B-,99.982,0.012,1968.0,8,64,90,Gd,1-May-2008,C. W. Reich,2026-09-01
546.08,0.07,0.0087,0.0007,,1263.778,,717.67,[E2],,,0.01110,,63,91,Eu,,0,,3-,8.601,,10,Y,271421120.3074658,315569.25974592,B-,99.982,0.012,1968.0,8,64,90,Gd,1-May-2008,C. W. Reich,2026-09-01
557.53,0.07,0.269,0.003,,680.61,0.000000001184,123.071,E2,,,0.01053,,63,91,Eu,,0,,3-,8.601,,10,Y,271421120.3074658,315569.25974592,B-,99.982,0.012,1968.0,8,64,90,Gd,1-May-2008,C. W. Reich,2026-09-01
560.79,0.19,0.00063,0.00017,,1241.32,,680.61,[E1],,,0.00366,,63,91,Eu,,0,,3-,8.601,,10,Y,271421120.3074658,315569.25974592,B-,99.982,0.012,1968.0,8,64,90,Gd,1-May-2008,C. W. Reich,2026-09-01
569.5,0.07,0.0139,0.0021,,1617.127,,1047.584,[E1],,,0.00353,,63,91,Eu,,0,,3-,8.601,,10,Y,271421120.3074658,315569.25974592,B-,99.982,0.012,1968.0,8,64,90,Gd,1-May-2008,C. W. Reich,2026-09-01
581.97,0.07,0.893,0.009,,1397.506,,815.493,E1,,,0.00337,,63,91,Eu,,0,,3-,8.601,,10,Y,271421120.3074658,315569.25974592,B-,99.982,0.012,1968.0,8,64,90,Gd,1-May-2008,C. W. Reich,2026-09-01
591.755,0.003,4.95,0.05,,1719.560,,1127.804,E1(+M2),0.02,3,0.00327,,63,91,Eu,,0,,3-,8.601,,10,Y,271421120.3074658,315569.25974592,B-,99.982,0.012,1968.0,8,64,90,Gd,1-May-2008,C. W. Reich,2026-09-01
598.3,0.07,0.0105,0.0014,,1645.85,,1047.584,M1+E2,0.65,20,0.0139,,63,91,Eu,,0,,3-,8.601,,10,Y,271421120.3074658,315569.25974592,B-,99.982,0.012,1968.0,8,64,90,Gd,1-May-2008,C. W. Reich,2026-09-01
598.93,0.07,0.00035,0.0001,,1414.42,,815.493,[E1],,,0.00317,,63,91,Eu,,0,,3-,8.601,,10,Y,271421120.3074658,315569.25974592,B-,99.982,0.012,1968.0,8,64,90,Gd,1-May-2008,C. W. Reich,2026-09-01
602.68,0.07,0.0293,0.0011,,1418.146,,815.493,E0+M1+E2,,,0.038,,63,91,Eu,,0,,3-,8.601,,10,Y,271421120.3074658,315569.25974592,B-,99.982,0.012,1968.0,8,64,90,Gd,1-May-2008,C. W. Reich,2026-09-01
613.24,0.07,0.0931,0.0012,,1660.910,,1047.584,E2 M1,,,0.012,,63,91,Eu,,0,,3-,8.601,,10,Y,271421120.3074658,315569.25974592,B-,99.982,0.012,1968.0,8,64,90,Gd,1-May-2008,C. W. Reich,2026-09-01
621.6,0.5,0.0042,0.0017,,1617.127,,996.257,[E1],,,0.00293,,63,91,Eu,,0,,3-,8.601,,10,Y,271421120.3074658,315569.25974592,B-,99.982,0.012,1968.0,8,64,90,Gd,1-May-2008,C. W. Reich,2026-09-01
625.2556,0.0024,0.316,0.004,,996.257,0.00000000004,371.000,E2,,,0.00792,,63,91,Eu,,0,,3-,8.601,,10,Y,271421120.3074658,315569.25974592,B-,99.982,0.012,1968.0,8,64,90,Gd,1-May-2008,C. W. Reich,2026-09-01
649.52,0.07,0.0874,0.0018,,1645.85,,996.257,E2,,,0.00723,,63,91,Eu,,0,,3-,8.601,,10,Y,271421120.3074658,315569.25974592,B-,99.982,0.012,1968.0,8,64,90,Gd,1-May-2008,C. W. Reich,2026-09-01
664.74,0.08,0.0261,0.0011,,1660.910,,996.257,[M1 E2],,,0.010,,63,91,Eu,,0,,3-,8.601,,10,Y,271421120.3074658,315569.25974592,B-,99.982,0.012,1968.0,8,64,90,Gd,1-May-2008,C. W. Reich,2026-09-01
669.14,0.08,0.016,0.0008,,1796.97,,1127.804,E1,,,0.00251,,63,91,Eu,,0,,3-,8.601,,10,Y,271421120.3074658,315569.25974592,B-,99.982,0.012,1968.0,8,64,90,Gd,1-May-2008,C. W. Reich,2026-09-01
676.6,0.07,0.1672,0.0018,,1047.584,0.00000000004,371.000,E0+M1+E2,2.9,4,0.053,,63,91,Eu,,0,,3-,8.601,,10,Y,271421120.3074658,315569.25974592,B-,99.982,0.012,1968.0,8,64,90,Gd,1-May-2008,C. W. Reich,2026-09-01
680.72,0.1,,,,680.61,,0,E0,,,,,63,91,Eu,,0,,3-,8.601,,10,Y,271421120.3074658,315569.25974592,B-,99.982,0.012,1968.0,8,64,90,Gd,1-May-2008,C. W. Reich,2026-09-01
692.4205,0.0018,1.777,0.018,,815.493,0.000000001184,123.071,E0+M1+E2,7.5,4,0.046,,63,91,Eu,,0,,3-,8.601,,10,Y,271421120.3074658,315569.25974592,B-,99.982,0.012,1968.0,8,64,90,Gd,1-May-2008,C. W. Reich,2026-09-01
714.9,0.16,0.00091,0.00007,,1432.66,,717.67,E2 M1,,,0.0080,,63,91,Eu,,0,,3-,8.601,,10,Y,271421120.3074658,315569.25974592,B-,99.982,0.012,1968.0,8,64,90,Gd,1-May-2008,C. W. Reich,2026-09-01
715.76,0.07,0.187,0.005,,1531.284,,815.493,E0 M1 E2,,,0.013,,63,91,Eu,,0,,3-,8.601,,10,Y,271421120.3074658,315569.25974592,B-,99.982,0.012,1968.0,8,64,90,Gd,1-May-2008,C. W. Reich,2026-09-01
723.3014,0.0022,20.06,0.19,,1719.560,,996.257,E1+M2,0.022,13,0.00215,,63,91,Eu,,0,,3-,8.601,,10,Y,271421120.3074658,315569.25974592,B-,99.982,0.012,1968.0,8,64,90,Gd,1-May-2008,C. W. Reich,2026-09-01
737.69,0.13,0.00226,0.00021,,1418.146,,680.61,[E2],,,0.00536,,63,91,Eu,,0,,3-,8.601,,10,Y,271421120.3074658,315569.25974592,B-,99.982,0.012,1968.0,8,64,90,Gd,1-May-2008,C. W. Reich,2026-09-01
740.91,0.16,0.00105,0.00017,,1788.83,,1047.584,[E0+M1+E2],,,0.0074,,63,91,Eu,,0,,3-,8.601,,10,Y,271421120.3074658,315569.25974592,B-,99.982,0.012,1968.0,8,64,90,Gd,1-May-2008,C. W. Reich,2026-09-01
749.48,0.09,0.0075,0.0005,,1796.97,,1047.584,[E1],,,0.00199,,63,91,Eu,,0,,3-,8.601,,10,Y,271421120.3074658,315569.25974592,B-,99.982,0.012,1968.0,8,64,90,Gd,1-May-2008,C. W. Reich,2026-09-01
756.802,0.0023,4.52,0.04,,1127.804,0.00000000004,371.000,E2+M1,-6.1,3,0.00516,,63,91,Eu,,0,,3-,8.601,,10,Y,271421120.3074658,315569.25974592,B-,99.982,0.012,1968.0,8,64,90,Gd,1-May-2008,C. W. Reich,2026-09-01
800.61,0.08,0.0212,0.0011,,1796.97,,996.257,E1,,,1.74E-3,,63,91,Eu,,0,,3-,8.601,,10,Y,271421120.3074658,315569.25974592,B-,99.982,0.012,1968.0,8,64,90,Gd,1-May-2008,C. W. Reich,2026-09-01
801.69,0.11,0.0062,0.0006,,1617.127,,815.493,[E1],,,1.74E-3,,63,91,Eu,,0,,3-,8.601,,10,Y,271421120.3074658,315569.25974592,B-,99.982,0.012,1968.0,8,64,90,Gd,1-May-2008,C. W. Reich,2026-09-01
815.51,0.07,0.511,0.005,,815.493,,0,E2,,,0.00427,,63,91,Eu,,0,,3-,8.601,,10,Y,271421120.3074658,315569.25974592,B-,99.982,0.012,1968.0,8,64,90,Gd,1-May-2008,C. W. Reich,2026-09-01
830.42,0.1,0.0062,0.0006,,1645.85,,815.493,[E2],,,0.00410,,63,91,Eu,,0,,3-,8.601,,10,Y,271421120.3074658,315569.25974592,B-,99.982,0.012,1968.0,8,64,90,Gd,1-May-2008,C. W. Reich,2026-09-01
845.416,0.007,0.568,0.011,,1660.910,,815.493,E2,,,0.00395,,63,91,Eu,,0,,3-,8.601,,10,Y,271421120.3074658,315569.25974592,B-,99.982,0.012,1968.0,8,64,90,Gd,1-May-2008,C. W. Reich,2026-09-01
850.67,0.07,0.243,0.003,,1531.284,,680.61,E2,,,0.00389,,63,91,Eu,,0,,3-,8.601,,10,Y,271421120.3074658,315569.25974592,B-,99.982,0.012,1968.0,8,64,90,Gd,1-May-2008,C. W. Reich,2026-09-01
873.1834,0.0023,12.08,0.12,,996.257,0.000000001184,123.071,E0+E2+M1,-9.4,4,0.00371,,63,91,Eu,,0,,3-,8.601,,10,Y,271421120.3074658,315569.25974592,B-,99.982,0.012,1968.0,8,64,90,Gd,1-May-2008,C. W. Reich,2026-09-01
880.65,0.07,0.084,0.006,,1251.630,0.00000000004,371.000,E1+M2,0.07,3,0.0015,,63,91,Eu,,0,,3-,8.601,,10,Y,271421120.3074658,315569.25974592,B-,99.982,0.012,1968.0,8,64,90,Gd,1-May-2008,C. W. Reich,2026-09-01
892.775,0.006,0.521,0.005,,1263.778,0.00000000004,371.000,E0+M1+E2,-3.8,3,0.00367,,63,91,Eu,,0,,3-,8.601,,10,Y,271421120.3074658,315569.25974592,B-,99.982,0.012,1968.0,8,64,90,Gd,1-May-2008,C. W. Reich,2026-09-01
904.064,0.003,0.889,0.009,,1719.560,,815.493,E1(+M2),,,0.008,,63,91,Eu,,0,,3-,8.601,,10,Y,271421120.3074658,315569.25974592,B-,99.982,0.012,1968.0,8,64,90,Gd,1-May-2008,C. W. Reich,2026-09-01
924.57,0.07,0.0649,0.001,,1047.584,0.000000001184,123.071,E2,,,0.00325,,63,91,Eu,,0,,3-,8.601,,10,Y,271421120.3074658,315569.25974592,B-,99.982,0.012,1968.0,8,64,90,Gd,1-May-2008,C. W. Reich,2026-09-01
928.21,0.08,0.003,0.00018,,1645.85,,717.67,[E2],,,0.00322,,63,91,Eu,,0,,3-,8.601,,10,Y,271421120.3074658,315569.25974592,B-,99.982,0.012,1968.0,8,64,90,Gd,1-May-2008,C. W. Reich,2026-09-01
981.61,0.08,0.0087,0.0014,,1796.97,,815.493,[E1],,,1.18E-3,,63,91,Eu,,0,,3-,8.601,,10,Y,271421120.3074658,315569.25974592,B-,99.982,0.012,1968.0,8,64,90,Gd,1-May-2008,C. W. Reich,2026-09-01
996.29,0.07,10.48,0.1,,996.257,,0,E2,,,0.00277,,63,91,Eu,,0,,3-,8.601,,10,Y,271421120.3074658,315569.25974592,B-,99.982,0.012,1968.0,8,64,90,Gd,1-May-2008,C. W. Reich,2026-09-01
1004.76,0.07,18.01,0.18,,1127.804,0.000000001184,123.071,E2+M1,-7.4,4,0.00276,,63,91,Eu,,0,,3-,8.601,,10,Y,271421120.3074658,315569.25974592,B-,99.982,0.012,1968.0,8,64,90,Gd,1-May-2008,C. W. Reich,2026-09-01
1033.72,0.21,0.0028,0.0004,,1404.45,0.00000000004,371.000,[E1],,,1.07E-3,,63,91,Eu,,0,,3-,8.601,,10,Y,271421120.3074658,315569.25974592,B-,99.982,0.012,1968.0,8,64,90,Gd,1-May-2008,C. W. Reich,2026-09-01
1047.18,0.18,0.0613,0.0015,,1418.146,0.00000000004,371.000,E2,,,0.00250,,63,91,Eu,,0,,3-,8.601,,10,Y,271421120.3074658,315569.25974592,B-,99.982,0.012,1968.0,8,64,90,Gd,1-May-2008,C. W. Reich,2026-09-01
1058.94,0.1,0.0073,0.0014,,1181.96,0.000000001184,123.071,E2,,,0.00244,,63,91,Eu,,0,,3-,8.601,,10,Y,271421120.3074658,315569.25974592,B-,99.982,0.012,1968.0,8,64,90,Gd,1-May-2008,C. W. Reich,2026-09-01
1061.67,0.08,0.0036,0.001,,1432.66,0.00000000004,371.000,E2+M1,-4.3,19,0.00251,,63,91,Eu,,0,,3-,8.601,,10,Y,271421120.3074658,315569.25974592,B-,99.982,0.012,1968.0,8,64,90,Gd,1-May-2008,C. W. Reich,2026-09-01
1071.17,0.24,0.00024,0.00003,,1788.83,,717.67,[E2],,,0.00239,,63,91,Eu,,0,,3-,8.601,,10,Y,271421120.3074658,315569.25974592,B-,99.982,0.012,1968.0,8,64,90,Gd,1-May-2008,C. W. Reich,2026-09-01
1118.27,0.07,0.113,0.004,,1241.32,0.000000001184,123.071,E1,,,9.28E-4,,63,91,Eu,,0,,3-,8.601,,10,Y,271421120.3074658,315569.25974592,B-,99.982,0.012,1968.0,8,64,90,Gd,1-May-2008,C. W. Reich,2026-09-01
1128.552,0.007,0.3,0.004,,1251.630,0.000000001184,123.071,E1,,,9.14E-4,,63,91,Eu,,0,,3-,8.601,,10,Y,271421120.3074658,315569.25974592,B-,99.982,0.012,1968.0,8,64,90,Gd,1-May-2008,C. W. Reich,2026-09-01
1140.702,0.006,0.237,0.004,,1263.778,0.000000001184,123.071,E2,,,0.00210,,63,91,Eu,,0,,3-,8.601,,10,Y,271421120.3074658,315569.25974592,B-,99.982,0.012,1968.0,8,64,90,Gd,1-May-2008,C. W. Reich,2026-09-01
1160.31,0.07,0.0462,0.0005,,1531.284,0.00000000004,371.000,[E2],,,0.00203,,63,91,Eu,,0,,3-,8.601,,10,Y,271421120.3074658,315569.25974592,B-,99.982,0.012,1968.0,8,64,90,Gd,1-May-2008,C. W. Reich,2026-09-01
1188.14,0.07,0.0876,0.0009,,1559.17,0.00000000004,371.000,[E1],,,8.49E-4,,63,91,Eu,,0,,3-,8.601,,10,Y,271421120.3074658,315569.25974592,B-,99.982,0.012,1968.0,8,64,90,Gd,1-May-2008,C. W. Reich,2026-09-01
1241.34,0.07,0.1226,0.0016,,1241.32,,0,E1,,,8.10E-4,,63,91,Eu,,0,,3-,8.601,,10,Y,271421120.3074658,315569.25974592,B-,99.982,0.012,1968.0,8,64,90,Gd,1-May-2008,C. W. Reich,2026-09-01
1246.121,0.004,0.856,0.01,,1617.127,0.00000000004,371.000,E1,,,8.07E-4,,63,91,Eu,,0,,3-,8.601,,10,Y,271421120.3074658,315569.25974592,B-,99.982,0.012,1968.0,8,64,90,Gd,1-May-2008,C. W. Reich,2026-09-01
1274.429,0.004,34.8,0.3,,1397.506,0.000000001184,123.071,E1+M2,0.035,9,7.97E-4,,63,91,Eu,,0,,3-,8.601,,10,Y,271421120.3074658,315569.25974592,B-,99.982,0.012,1968.0,8,64,90,Gd,1-May-2008,C. W. Reich,2026-09-01
1275.66,0.12,0.0017,0.0017,,1645.85,0.00000000004,371.000,[E2+M1],,,0.0021,,63,91,Eu,,0,,3-,8.601,,10,Y,271421120.3074658,315569.25974592,B-,99.982,0.012,1968.0,8,64,90,Gd,1-May-2008,C. W. Reich,2026-09-01
1289.88,0.11,0.021,0.0008,,1660.910,0.00000000004,371.000,[M1 E2],,,0.0021,,63,91,Eu,,0,,3-,8.601,,10,Y,271421120.3074658,315569.25974592,B-,99.982,0.012,1968.0,8,64,90,Gd,1-May-2008,C. W. Reich,2026-09-01
1291.36,0.08,0.022,0.008,,1414.42,0.000000001184,123.071,E1,,,7.82E-4,,63,91,Eu,,0,,3-,8.601,,10,Y,271421120.3074658,315569.25974592,B-,99.982,0.012,1968.0,8,64,90,Gd,1-May-2008,C. W. Reich,2026-09-01
1294.99,0.08,0.0116,0.0006,,1418.146,0.000000001184,123.071,[E2+M1],,,0.0021,,63,91,Eu,,0,,3-,8.601,,10,Y,271421120.3074658,315569.25974592,B-,99.982,0.012,1968.0,8,64,90,Gd,1-May-2008,C. W. Reich,2026-09-01
1408.28,0.07,0.0247,0.0011,,1531.284,0.000000001184,123.071,E0 M1 E2,,,0.0037,,63,91,Eu,,0,,3-,8.601,,10,Y,271421120.3074658,315569.25974592,B-,99.982,0.012,1968.0,8,64,90,Gd,1-May-2008,C. W. Reich,2026-09-01
1414.44,0.1,0.0052,0.0005,,1414.42,,0,E1,,,7.54E-4,,63,91,Eu,,0,,3-,8.601,,10,Y,271421120.3074658,315569.25974592,B-,99.982,0.012,1968.0,8,64,90,Gd,1-May-2008,C. W. Reich,2026-09-01
1417.88,0.09,0.0053,0.0003,,1788.83,0.00000000004,371.000,[M1 E2],,,0.0017,,63,91,Eu,,0,,3-,8.601,,10,Y,271421120.3074658,315569.25974592,B-,99.982,0.012,1968.0,8,64,90,Gd,1-May-2008,C. W. Reich,2026-09-01
1418.15,0.09,0.0084,0.001,,1418.146,,0,E2,,,1.41E-3,,63,91,Eu,,0,,3-,8.601,,10,Y,271421120.3074658,315569.25974592,B-,99.982,0.012,1968.0,8,64,90,Gd,1-May-2008,C. W. Reich,2026-09-01
1426.03,0.27,0.00042,0.00007,,1796.97,0.00000000004,371.000,[E1],,,7.54E-4,,63,91,Eu,,0,,3-,8.601,,10,Y,271421120.3074658,315569.25974592,B-,99.982,0.012,1968.0,8,64,90,Gd,1-May-2008,C. W. Reich,2026-09-01
1494.048,0.004,0.698,0.008,,1617.127,0.000000001184,123.071,E1,,,7.56E-4,,63,91,Eu,,0,,3-,8.601,,10,Y,271421120.3074658,315569.25974592,B-,99.982,0.012,1968.0,8,64,90,Gd,1-May-2008,C. W. Reich,2026-09-01
1522.19,0.16,0.00087,0.00014,,1645.85,0.000000001184,123.071,[E2],,,1.27E-3,,63,91,Eu,,0,,3-,8.601,,10,Y,271421120.3074658,315569.25974592,B-,99.982,0.012,1968.0,8,64,90,Gd,1-May-2008,C. W. Reich,2026-09-01
1531.33,0.16,0.00641,0.00021,,1531.284,,0,[E2],,,1.26E-3,,63,91,Eu,,0,,3-,8.601,,10,Y,271421120.3074658,315569.25974592,B-,99.982,0.012,1968.0,8,64,90,Gd,1-May-2008,C. W. Reich,2026-09-01
1537.81,0.07,0.0575,0.0011,,1660.910,0.000000001184,123.071,[M1 E2],,,0.0015,,63,91,Eu,,0,,3-,8.601,,10,Y,271421120.3074658,315569.25974592,B-,99.982,0.012,1968.0,8,64,90,Gd,1-May-2008,C. W. Reich,2026-09-01
1596.4804,0.0028,1.797,0.024,,1719.560,0.000000001184,123.071,E1(+M2),,,0.0021,,63,91,Eu,,0,,3-,8.601,,10,Y,271421120.3074658,315569.25974592,B-,99.982,0.012,1968.0,8,64,90,Gd,1-May-2008,C. W. Reich,2026-09-01
1665.83,0.12,0.00202,0.00011,,1788.83,0.000000001184,123.071,[E2],,,1.14E-3,,63,91,Eu,,0,,3-,8.601,,10,Y,271421120.3074658,315569.25974592,B-,99.982,0.012,1968.0,8,64,90,Gd,1-May-2008,C. W. Reich,2026-09-01
1673.93,0.08,0.00202,0.00011,,1796.97,0.000000001184,123.071,[E1],,,7.93E-4,,63,91,Eu,,0,,3-,8.601,,10,Y,271421120.3074658,315569.25974592,B-,99.982,0.012,1968.0,8,64,90,Gd,1-May-2008,C. W. Reich,2026-09-01
6.354,,0.00441850550892,0.001647457240144455,,,,,,,,,,63,91,Eu,,0,,3-,8.601,,10,Y,271421120.3074658,315569.25974592,EC+B+,0.018,0.012,717.2,18,62,92,Sm,1-May-2008,C. W. Reich,2026-09-01
6.603,,29.35806406848,4.093323896427262,,,,,,,,,,63,91,Eu,,145.3,0.3,8-,46.3,,4,m,2778,24,IT,100,,,,63,91,Eu,1-May-2008,C. W. Reich,2026-09-01
6.858,,7.1129445743422,0.2589488349036007,,,,,,,,,,63,91,Eu,,0,,3-,8.601,,10,Y,271421120.3074658,315569.25974592,B-,99.982,0.012,1968.0,8,64,90,Gd,1-May-2008,C. W. Reich,2026-09-01
39.522,,0.005703909590719148,0.0028308673504046458,,,,,,,,,,63,91,Eu,,0,,3-,8.601,,10,Y,271421120.3074658,315569.25974592,EC+B+,0.018,0.012,717.2,18,62,92,Sm,1-May-2008,C. W. Reich,2026-09-01
40.117,,0.010323818263745064,0.005123528855635538,,,,,,,,,,63,91,Eu,,0,,3-,8.601,,10,Y,271421120.3074658,315569.25974592,EC+B+,0.018,0.012,717.2,18,62,92,Sm,1-May-2008,C. W. Reich,2026-09-01
40.901,,8.084213325986237,0.9132488247693341,,,,,,,,,,63,91,Eu,,145.3,0.3,8-,46.3,,4,m,2778,24,IT,100,,,,63,91,Eu,1-May-2008,C. W. Reich,2026-09-01
41.541,,14.587176697918146,1.6465543369939684,,,,,,,,,,63,91,Eu,,145.3,0.3,8-,46.3,,4,m,2778,24,IT,100,,,,63,91,Eu,1-May-2008,C. W. Reich,2026-09-01
42.308,,7.319353222706885,0.13728139732921163,,,,,,,,,,63,91,Eu,,0,,3-,8.601,,10,Y,271421120.3074658,315569.25974592,B-,99.982,0.012,1968.0,8,64,90,Gd,1-May-2008,C. W. Reich,2026-09-01
42.996,,13.166672463944748,0.23974938425907635,,,,,,,,,,63,91,Eu,,0,,3-,8.601,,10,Y,271421120.3074658,315569.25974592,B-,99.982,0.012,1968.0,8,64,90,Gd,1-May-2008,C. W. Reich,2026-09-01
45.523,,0.0032272046625880643,0.0016019901855750622,,,,,,,,,,63,91,Eu,,0,,3-,8.601,,10,Y,271421120.3074658,315569.25974592,EC+B+,0.018,0.012,717.2,18,62,92,Sm,1-May-2008,C. W. Reich,2026-09-01
45.998,,0.004059823465535785,0.0020152390539026335,,,,,,,,,,63,91,Eu,,0,,3-,8.601,,10,Y,271421120.3074658,315569.25974592,EC+B+,0.018,0.012,717.2,18,62,92,Sm,1-May-2008,C. W. Reich,2026-09-01
46.575,,0.0008326188029477206,0.0004136283283069438,,,,,,,,,,63,91,Eu,,0,,3-,8.601,,10,Y,271421120.3074658,315569.25974592,EC+B+,0.018,0.012,717.2,18,62,92,Sm,1-May-2008,C. W. Reich,2026-09-01
47.146,,4.5955520318725105,0.5211110745193496,,,,,,,,,,63,91,Eu,,145.3,0.3,8-,46.3,,4,m,2778,24,IT,100,,,,63,91,Eu,1-May-2008,C. W. Reich,2026-09-01
47.645,,5.781204456095618,0.6551549146493189,,,,,,,,,,63,91,Eu,,145.3,0.3,8-,46.3,,4,m,2778,24,IT,100,,,,63,91,Eu,1-May-2008,C. W. Reich,2026-09-01
48.248,,1.1856524242231077,0.13639604503498123,,,,,,,,,,63,91,Eu,,145.3,0.3,8-,46.3,,4,m,2778,24,IT,100,,,,63,91,Eu,1-May-2008,C. W. Reich,2026-09-01
48.802,,4.162085662070316,0.08802774442345764,,,,,,,,,,63,91,Eu,,0,,3-,8.601,,10,Y,271421120.3074658,315569.25974592,B-,99.982,0.012,1968.0,8,64,90,Gd,1-May-2008,C. W. Reich,2026-09-01
49.326,,5.256714191194809,0.10921403425022377,,,,,,,,,,63,91,Eu,,0,,3-,8.601,,10,Y,271421120.3074658,315569.25974592,B-,99.982,0.012,1968.0,8,64,90,Gd,1-May-2008,C. W. Reich,2026-09-01
49.957,,1.094628529124493,0.03112967184555486,,,,,,,,,,63,91,Eu,,0,,3-,8.601,,10,Y,271421120.3074658,315569.25974592,B-,99.982,0.012,1968.0,8,64,90,Gd,1-May-2008,C. W. Reich,2026-09-01

